T1:
     1     0     0     0
     0     1     0     0
     0     0     1     0
     0     0     0     1

T2:
    1.0000         0         0         0
         0    0.0000   -1.0000         0
         0    1.0000    0.0000         0
         0         0         0    1.0000

T3:
    0.0000   -0.0000    1.0000         0
    1.0000    0.0000   -0.0000         0
         0    1.0000    0.0000         0
         0         0         0    1.0000

T4:
   -1.0000   -0.0000         0  -25.0000
    0.0000   -1.0000         0    0.0000
         0         0    1.0000         0
         0         0         0    1.0000

T5:
     1     0     0    25
     0     1     0     0
     0     0     1     0
     0     0     0     1

T6:
    0.0000   -0.0000    1.0000         0
    1.0000    0.0000   -0.0000         0
         0    1.0000    0.0000         0
         0         0         0    1.0000

T7:
    0.0000    0.0000    1.0000         0
   -1.0000    0.0000    0.0000         0
         0   -1.0000    0.0000         0
         0         0         0    1.0000

T8:
    0.0000    0.0000    1.0000    0.0000
   -1.0000    0.0000    0.0000   -9.0000
         0   -1.0000    0.0000         0
         0         0         0    1.0000